2025/12/02-02:30:54.620047 bda4 RocksDB version: 10.5.1
2025/12/02-02:30:54.620181 bda4 Git sha c007dd1da63fadc6bd0f34c7b8314cc29e7a42bd
2025/12/02-02:30:54.620248 bda4 Compile date 2025-11-13 18:59:47
2025/12/02-02:30:54.620259 bda4 DB SUMMARY
2025/12/02-02:30:54.620286 bda4 Host name (Env):  THORSPC
2025/12/02-02:30:54.620293 bda4 DB Session ID:  54XYOZVJ51R7GDY8YMCA
2025/12/02-02:30:54.620531 bda4 CURRENT file:  CURRENT
2025/12/02-02:30:54.620549 bda4 IDENTITY file:  IDENTITY
2025/12/02-02:30:54.620578 bda4 MANIFEST file:  MANIFEST-000447 size: 554 Bytes
2025/12/02-02:30:54.620589 bda4 SST files in storage\card-library\db dir, Total Num: 2, files: 000440.sst 000444.sst 
2025/12/02-02:30:54.620598 bda4 Write Ahead Log file in storage\card-library\db: 000446.log size: 9323 ; 
2025/12/02-02:30:54.621066 bda4                         Options.error_if_exists: 0
2025/12/02-02:30:54.621074 bda4                       Options.create_if_missing: 1
2025/12/02-02:30:54.621077 bda4                         Options.paranoid_checks: 1
2025/12/02-02:30:54.621079 bda4             Options.flush_verify_memtable_count: 1
2025/12/02-02:30:54.621082 bda4          Options.compaction_verify_record_count: 1
2025/12/02-02:30:54.621084 bda4                               Options.track_and_verify_wals_in_manifest: 0
2025/12/02-02:30:54.621086 bda4                               Options.track_and_verify_wals: 0
2025/12/02-02:30:54.621088 bda4        Options.verify_sst_unique_id_in_manifest: 1
2025/12/02-02:30:54.621090 bda4                                     Options.env: 0000021926A87E70
2025/12/02-02:30:54.621093 bda4                                      Options.fs: RocksFS
2025/12/02-02:30:54.621095 bda4                                Options.info_log: 0000021926B022F0
2025/12/02-02:30:54.621097 bda4                Options.max_file_opening_threads: 1
2025/12/02-02:30:54.621099 bda4                              Options.statistics: 0000000000000000
2025/12/02-02:30:54.621102 bda4                               Options.use_fsync: 0
2025/12/02-02:30:54.621104 bda4                       Options.max_log_file_size: 0
2025/12/02-02:30:54.621106 bda4                  Options.max_manifest_file_size: 1073741824
2025/12/02-02:30:54.621112 bda4                   Options.log_file_time_to_roll: 0
2025/12/02-02:30:54.621115 bda4                       Options.keep_log_file_num: 1000
2025/12/02-02:30:54.621117 bda4                    Options.recycle_log_file_num: 0
2025/12/02-02:30:54.621119 bda4                         Options.allow_fallocate: 1
2025/12/02-02:30:54.621121 bda4                        Options.allow_mmap_reads: 0
2025/12/02-02:30:54.621123 bda4                       Options.allow_mmap_writes: 0
2025/12/02-02:30:54.621125 bda4                        Options.use_direct_reads: 0
2025/12/02-02:30:54.621127 bda4                        Options.use_direct_io_for_flush_and_compaction: 0
2025/12/02-02:30:54.621130 bda4          Options.create_missing_column_families: 1
2025/12/02-02:30:54.621132 bda4                              Options.db_log_dir: 
2025/12/02-02:30:54.621134 bda4                                 Options.wal_dir: 
2025/12/02-02:30:54.621137 bda4                Options.table_cache_numshardbits: 6
2025/12/02-02:30:54.621139 bda4                         Options.WAL_ttl_seconds: 0
2025/12/02-02:30:54.621141 bda4                       Options.WAL_size_limit_MB: 0
2025/12/02-02:30:54.621143 bda4                        Options.max_write_batch_group_size_bytes: 1048576
2025/12/02-02:30:54.621145 bda4             Options.manifest_preallocation_size: 4194304
2025/12/02-02:30:54.621148 bda4                     Options.is_fd_close_on_exec: 1
2025/12/02-02:30:54.621150 bda4                   Options.advise_random_on_open: 1
2025/12/02-02:30:54.621152 bda4                    Options.db_write_buffer_size: 0
2025/12/02-02:30:54.621154 bda4                    Options.write_buffer_manager: 0000021921E80890
2025/12/02-02:30:54.621156 bda4                      Options.use_adaptive_mutex: 0
2025/12/02-02:30:54.621158 bda4                            Options.rate_limiter: 0000000000000000
2025/12/02-02:30:54.621274 bda4     Options.sst_file_manager.rate_bytes_per_sec: 0
2025/12/02-02:30:54.621285 bda4                       Options.wal_recovery_mode: 2
2025/12/02-02:30:54.621287 bda4                  Options.enable_thread_tracking: 0
2025/12/02-02:30:54.621290 bda4                  Options.enable_pipelined_write: 0
2025/12/02-02:30:54.621292 bda4                  Options.unordered_write: 0
2025/12/02-02:30:54.621294 bda4         Options.allow_concurrent_memtable_write: 1
2025/12/02-02:30:54.621296 bda4      Options.enable_write_thread_adaptive_yield: 1
2025/12/02-02:30:54.621298 bda4             Options.write_thread_max_yield_usec: 100
2025/12/02-02:30:54.621300 bda4            Options.write_thread_slow_yield_usec: 3
2025/12/02-02:30:54.621302 bda4                               Options.row_cache: None
2025/12/02-02:30:54.621305 bda4                              Options.wal_filter: None
2025/12/02-02:30:54.621307 bda4             Options.avoid_flush_during_recovery: 0
2025/12/02-02:30:54.621309 bda4             Options.allow_ingest_behind: 0
2025/12/02-02:30:54.621311 bda4             Options.two_write_queues: 0
2025/12/02-02:30:54.621313 bda4             Options.manual_wal_flush: 0
2025/12/02-02:30:54.621315 bda4             Options.wal_compression: 0
2025/12/02-02:30:54.621317 bda4             Options.background_close_inactive_wals: 0
2025/12/02-02:30:54.621320 bda4             Options.atomic_flush: 0
2025/12/02-02:30:54.621322 bda4             Options.avoid_unnecessary_blocking_io: 0
2025/12/02-02:30:54.621324 bda4             Options.prefix_seek_opt_in_only: 0
2025/12/02-02:30:54.621326 bda4                 Options.persist_stats_to_disk: 0
2025/12/02-02:30:54.621328 bda4                 Options.write_dbid_to_manifest: 1
2025/12/02-02:30:54.621330 bda4                 Options.write_identity_file: 1
2025/12/02-02:30:54.621332 bda4                 Options.log_readahead_size: 0
2025/12/02-02:30:54.621335 bda4                 Options.file_checksum_gen_factory: Unknown
2025/12/02-02:30:54.621337 bda4                 Options.best_efforts_recovery: 0
2025/12/02-02:30:54.621339 bda4                Options.max_bgerror_resume_count: 2147483647
2025/12/02-02:30:54.621342 bda4            Options.bgerror_resume_retry_interval: 1000000
2025/12/02-02:30:54.621344 bda4             Options.allow_data_in_errors: 0
2025/12/02-02:30:54.621346 bda4             Options.db_host_id: __hostname__
2025/12/02-02:30:54.621348 bda4             Options.enforce_single_del_contracts: true
2025/12/02-02:30:54.621352 bda4             Options.metadata_write_temperature: kUnknown
2025/12/02-02:30:54.621354 bda4             Options.wal_write_temperature: kUnknown
2025/12/02-02:30:54.621357 bda4             Options.max_background_jobs: 6
2025/12/02-02:30:54.621359 bda4             Options.max_background_compactions: -1
2025/12/02-02:30:54.621361 bda4             Options.max_subcompactions: 1
2025/12/02-02:30:54.621363 bda4             Options.avoid_flush_during_shutdown: 0
2025/12/02-02:30:54.621365 bda4           Options.writable_file_max_buffer_size: 1048576
2025/12/02-02:30:54.621367 bda4             Options.delayed_write_rate : 16777216
2025/12/02-02:30:54.621369 bda4             Options.max_total_wal_size: 0
2025/12/02-02:30:54.621371 bda4             Options.delete_obsolete_files_period_micros: 21600000000
2025/12/02-02:30:54.621374 bda4                   Options.stats_dump_period_sec: 600
2025/12/02-02:30:54.621376 bda4                 Options.stats_persist_period_sec: 600
2025/12/02-02:30:54.621378 bda4                 Options.stats_history_buffer_size: 1048576
2025/12/02-02:30:54.621380 bda4                          Options.max_open_files: -1
2025/12/02-02:30:54.621382 bda4                          Options.bytes_per_sync: 1048576
2025/12/02-02:30:54.621384 bda4                      Options.wal_bytes_per_sync: 0
2025/12/02-02:30:54.621386 bda4                   Options.strict_bytes_per_sync: 0
2025/12/02-02:30:54.621388 bda4       Options.compaction_readahead_size: 2097152
2025/12/02-02:30:54.621391 bda4                  Options.max_background_flushes: -1
2025/12/02-02:30:54.621440 bda4 Options.daily_offpeak_time_utc: 
2025/12/02-02:30:54.621448 bda4 Compression algorithms supported:
2025/12/02-02:30:54.621452 bda4 	kZSTD supported: 0
2025/12/02-02:30:54.621454 bda4 	kCustomCompressionA3 supported: 0
2025/12/02-02:30:54.621457 bda4 	kSnappyCompression supported: 0
2025/12/02-02:30:54.621459 bda4 	kCustomCompressionA5 supported: 0
2025/12/02-02:30:54.621461 bda4 	kBZip2Compression supported: 0
2025/12/02-02:30:54.621463 bda4 	kZlibCompression supported: 0
2025/12/02-02:30:54.621465 bda4 	kLZ4Compression supported: 0
2025/12/02-02:30:54.621467 bda4 	kXpressCompression supported: 0
2025/12/02-02:30:54.621470 bda4 	kCustomCompressionA7 supported: 0
2025/12/02-02:30:54.621472 bda4 	kLZ4HCCompression supported: 0
2025/12/02-02:30:54.621475 bda4 	kCustomCompressionB2 supported: 0
2025/12/02-02:30:54.621477 bda4 	kCustomCompression9C supported: 0
2025/12/02-02:30:54.621494 bda4 	kCustomCompression80 supported: 0
2025/12/02-02:30:54.621622 bda4 	kCustomCompressionB3 supported: 0
2025/12/02-02:30:54.621626 bda4 	kCustomCompression9B supported: 0
2025/12/02-02:30:54.621630 bda4 	kCustomCompression81 supported: 0
2025/12/02-02:30:54.621633 bda4 	kCustomCompressionB0 supported: 0
2025/12/02-02:30:54.621636 bda4 	kCustomCompression9A supported: 0
2025/12/02-02:30:54.621638 bda4 	kCustomCompression82 supported: 0
2025/12/02-02:30:54.621641 bda4 	kCustomCompressionB1 supported: 0
2025/12/02-02:30:54.621643 bda4 	kCustomCompression83 supported: 0
2025/12/02-02:30:54.621645 bda4 	kCustomCompressionB6 supported: 0
2025/12/02-02:30:54.621647 bda4 	kCustomCompression84 supported: 0
2025/12/02-02:30:54.621649 bda4 	kCustomCompressionB7 supported: 0
2025/12/02-02:30:54.621653 bda4 	kCustomCompression9F supported: 0
2025/12/02-02:30:54.621655 bda4 	kCustomCompression85 supported: 0
2025/12/02-02:30:54.621657 bda4 	kCustomCompressionB4 supported: 0
2025/12/02-02:30:54.621659 bda4 	kCustomCompression9E supported: 0
2025/12/02-02:30:54.621661 bda4 	kCustomCompression86 supported: 0
2025/12/02-02:30:54.621664 bda4 	kCustomCompressionB5 supported: 0
2025/12/02-02:30:54.621666 bda4 	kCustomCompression9D supported: 0
2025/12/02-02:30:54.621668 bda4 	kCustomCompression87 supported: 0
2025/12/02-02:30:54.621670 bda4 	kCustomCompression88 supported: 0
2025/12/02-02:30:54.621672 bda4 	kCustomCompression89 supported: 0
2025/12/02-02:30:54.621674 bda4 	kCustomCompression92 supported: 0
2025/12/02-02:30:54.621676 bda4 	kCustomCompression8A supported: 0
2025/12/02-02:30:54.621678 bda4 	kCustomCompression91 supported: 0
2025/12/02-02:30:54.621680 bda4 	kCustomCompression8B supported: 0
2025/12/02-02:30:54.621682 bda4 	kCustomCompression90 supported: 0
2025/12/02-02:30:54.621684 bda4 	kCustomCompression8C supported: 0
2025/12/02-02:30:54.621686 bda4 	kCustomCompression97 supported: 0
2025/12/02-02:30:54.621688 bda4 	kCustomCompression8D supported: 0
2025/12/02-02:30:54.621690 bda4 	kCustomCompression96 supported: 0
2025/12/02-02:30:54.621693 bda4 	kCustomCompression8E supported: 0
2025/12/02-02:30:54.621695 bda4 	kCustomCompression95 supported: 0
2025/12/02-02:30:54.621698 bda4 	kCustomCompression8F supported: 0
2025/12/02-02:30:54.621700 bda4 	kCustomCompression93 supported: 0
2025/12/02-02:30:54.621702 bda4 	kCustomCompression94 supported: 0
2025/12/02-02:30:54.621704 bda4 	kCustomCompression98 supported: 0
2025/12/02-02:30:54.621706 bda4 	kCustomCompression99 supported: 0
2025/12/02-02:30:54.621709 bda4 	kCustomCompressionA0 supported: 0
2025/12/02-02:30:54.621711 bda4 	kCustomCompressionA1 supported: 0
2025/12/02-02:30:54.621713 bda4 	kCustomCompressionA2 supported: 0
2025/12/02-02:30:54.621715 bda4 	kCustomCompressionA4 supported: 0
2025/12/02-02:30:54.621717 bda4 	kCustomCompressionA6 supported: 0
2025/12/02-02:30:54.621719 bda4 	kCustomCompressionA8 supported: 0
2025/12/02-02:30:54.621721 bda4 	kCustomCompressionA9 supported: 0
2025/12/02-02:30:54.621725 bda4 	kCustomCompressionAA supported: 0
2025/12/02-02:30:54.621727 bda4 	kCustomCompressionAB supported: 0
2025/12/02-02:30:54.621730 bda4 	kCustomCompressionAC supported: 0
2025/12/02-02:30:54.621737 bda4 	kCustomCompressionAD supported: 0
2025/12/02-02:30:54.621742 bda4 	kCustomCompressionAE supported: 0
2025/12/02-02:30:54.621757 bda4 	kCustomCompressionAF supported: 0
2025/12/02-02:30:54.621760 bda4 	kCustomCompressionB8 supported: 0
2025/12/02-02:30:54.621794 bda4 	kCustomCompressionB9 supported: 0
2025/12/02-02:30:54.621797 bda4 	kCustomCompressionBA supported: 0
2025/12/02-02:30:54.621799 bda4 	kCustomCompressionBB supported: 0
2025/12/02-02:30:54.621802 bda4 	kCustomCompressionBC supported: 0
2025/12/02-02:30:54.621804 bda4 	kCustomCompressionBD supported: 0
2025/12/02-02:30:54.621807 bda4 	kCustomCompressionBE supported: 0
2025/12/02-02:30:54.621809 bda4 	kCustomCompressionBF supported: 0
2025/12/02-02:30:54.621811 bda4 	kCustomCompressionC0 supported: 0
2025/12/02-02:30:54.621813 bda4 	kCustomCompressionC1 supported: 0
2025/12/02-02:30:54.621815 bda4 	kCustomCompressionC2 supported: 0
2025/12/02-02:30:54.621817 bda4 	kCustomCompressionC3 supported: 0
2025/12/02-02:30:54.621820 bda4 	kCustomCompressionC4 supported: 0
2025/12/02-02:30:54.621822 bda4 	kCustomCompressionC5 supported: 0
2025/12/02-02:30:54.621835 bda4 	kCustomCompressionC6 supported: 0
2025/12/02-02:30:54.621838 bda4 	kCustomCompressionC7 supported: 0
2025/12/02-02:30:54.621840 bda4 	kCustomCompressionC8 supported: 0
2025/12/02-02:30:54.621874 bda4 	kCustomCompressionC9 supported: 0
2025/12/02-02:30:54.621877 bda4 	kCustomCompressionCA supported: 0
2025/12/02-02:30:54.621879 bda4 	kCustomCompressionCB supported: 0
2025/12/02-02:30:54.621881 bda4 	kCustomCompressionCC supported: 0
2025/12/02-02:30:54.621883 bda4 	kCustomCompressionCD supported: 0
2025/12/02-02:30:54.621885 bda4 	kCustomCompressionCE supported: 0
2025/12/02-02:30:54.621888 bda4 	kCustomCompressionCF supported: 0
2025/12/02-02:30:54.621890 bda4 	kCustomCompressionD0 supported: 0
2025/12/02-02:30:54.621892 bda4 	kCustomCompressionD1 supported: 0
2025/12/02-02:30:54.621894 bda4 	kCustomCompressionD2 supported: 0
2025/12/02-02:30:54.621896 bda4 	kCustomCompressionD3 supported: 0
2025/12/02-02:30:54.621898 bda4 	kCustomCompressionD4 supported: 0
2025/12/02-02:30:54.621900 bda4 	kCustomCompressionD5 supported: 0
2025/12/02-02:30:54.621902 bda4 	kCustomCompressionD6 supported: 0
2025/12/02-02:30:54.621904 bda4 	kCustomCompressionD7 supported: 0
2025/12/02-02:30:54.621907 bda4 	kCustomCompressionD8 supported: 0
2025/12/02-02:30:54.621909 bda4 	kCustomCompressionD9 supported: 0
2025/12/02-02:30:54.621911 bda4 	kCustomCompressionDA supported: 0
2025/12/02-02:30:54.621913 bda4 	kCustomCompressionDB supported: 0
2025/12/02-02:30:54.621915 bda4 	kCustomCompressionDC supported: 0
2025/12/02-02:30:54.621917 bda4 	kCustomCompressionDD supported: 0
2025/12/02-02:30:54.621919 bda4 	kCustomCompressionDE supported: 0
2025/12/02-02:30:54.621921 bda4 	kCustomCompressionDF supported: 0
2025/12/02-02:30:54.621923 bda4 	kCustomCompressionE0 supported: 0
2025/12/02-02:30:54.621925 bda4 	kCustomCompressionE1 supported: 0
2025/12/02-02:30:54.621927 bda4 	kCustomCompressionE2 supported: 0
2025/12/02-02:30:54.621929 bda4 	kCustomCompressionE3 supported: 0
2025/12/02-02:30:54.621931 bda4 	kCustomCompressionE4 supported: 0
2025/12/02-02:30:54.621933 bda4 	kCustomCompressionE5 supported: 0
2025/12/02-02:30:54.621935 bda4 	kCustomCompressionE6 supported: 0
2025/12/02-02:30:54.621937 bda4 	kCustomCompressionE7 supported: 0
2025/12/02-02:30:54.621939 bda4 	kCustomCompressionE8 supported: 0
2025/12/02-02:30:54.621941 bda4 	kCustomCompressionE9 supported: 0
2025/12/02-02:30:54.621943 bda4 	kCustomCompressionEA supported: 0
2025/12/02-02:30:54.621945 bda4 	kCustomCompressionEB supported: 0
2025/12/02-02:30:54.621948 bda4 	kCustomCompressionEC supported: 0
2025/12/02-02:30:54.621950 bda4 	kCustomCompressionED supported: 0
2025/12/02-02:30:54.621952 bda4 	kCustomCompressionEE supported: 0
2025/12/02-02:30:54.621955 bda4 	kCustomCompressionEF supported: 0
2025/12/02-02:30:54.621957 bda4 	kCustomCompressionF0 supported: 0
2025/12/02-02:30:54.621959 bda4 	kCustomCompressionF1 supported: 0
2025/12/02-02:30:54.622004 bda4 	kCustomCompressionF2 supported: 0
2025/12/02-02:30:54.622047 bda4 	kCustomCompressionF3 supported: 0
2025/12/02-02:30:54.622050 bda4 	kCustomCompressionF4 supported: 0
2025/12/02-02:30:54.622052 bda4 	kCustomCompressionF5 supported: 0
2025/12/02-02:30:54.622054 bda4 	kCustomCompressionF6 supported: 0
2025/12/02-02:30:54.622057 bda4 	kCustomCompressionF7 supported: 0
2025/12/02-02:30:54.622060 bda4 	kCustomCompressionF8 supported: 0
2025/12/02-02:30:54.622064 bda4 	kCustomCompressionF9 supported: 0
2025/12/02-02:30:54.622077 bda4 	kCustomCompressionFA supported: 0
2025/12/02-02:30:54.622080 bda4 	kCustomCompressionFB supported: 0
2025/12/02-02:30:54.622083 bda4 	kCustomCompressionFC supported: 0
2025/12/02-02:30:54.622116 bda4 	kCustomCompressionFD supported: 0
2025/12/02-02:30:54.622120 bda4 	kCustomCompressionFE supported: 0
2025/12/02-02:30:54.622124 bda4 Fast CRC32 supported: Not supported on x86
2025/12/02-02:30:54.622126 bda4 DMutex implementation: std::mutex
2025/12/02-02:30:54.622128 bda4 Jemalloc supported: 0
2025/12/02-02:30:54.622549 bda4 [db\version_set.cc:6123] Recovering from manifest file: storage\card-library\db/MANIFEST-000447
2025/12/02-02:30:54.622652 bda4 [db\column_family.cc:692] --------------- Options for column family [default]:
2025/12/02-02:30:54.622659 bda4               Options.comparator: leveldb.BytewiseComparator
2025/12/02-02:30:54.622662 bda4           Options.merge_operator: None
2025/12/02-02:30:54.622664 bda4        Options.compaction_filter: None
2025/12/02-02:30:54.622666 bda4        Options.compaction_filter_factory: None
2025/12/02-02:30:54.622668 bda4  Options.sst_partitioner_factory: None
2025/12/02-02:30:54.622670 bda4         Options.memtable_factory: SkipListFactory
2025/12/02-02:30:54.622672 bda4            Options.table_factory: BlockBasedTable
2025/12/02-02:30:54.622705 bda4            table_factory options:   flush_block_policy_factory: FlushBlockBySizePolicyFactory (0000021926B77740)
  cache_index_and_filter_blocks: 1
  cache_index_and_filter_blocks_with_high_priority: 1
  pin_l0_filter_and_index_blocks_in_cache: 0
  pin_top_level_index_and_filter: 1
  index_type: 0
  data_block_index_type: 0
  index_shortening: 1
  data_block_hash_table_util_ratio: 0.750000
  checksum: 4
  no_block_cache: 0
  block_cache: 0000021926B411E0
  block_cache_name: LRUCache
  block_cache_options:
    capacity : 33554432
    num_shard_bits : 6
    strict_capacity_limit : 0
    memory_allocator : None
    high_pri_pool_ratio: 0.500
    low_pri_pool_ratio: 0.000
  persistent_cache: 0000000000000000
  block_size: 8192
  block_size_deviation: 10
  block_restart_interval: 16
  index_block_restart_interval: 1
  metadata_block_size: 4096
  partition_filters: 0
  use_delta_encoding: 1
  filter_policy: bloomfilter
  whole_key_filtering: 1
  verify_compression: 0
  read_amp_bytes_per_bit: 0
  format_version: 6
  enable_index_compression: 1
  block_align: 0
  max_auto_readahead_size: 262144
  prepopulate_block_cache: 0
  initial_auto_readahead_size: 8192
  num_file_reads_for_auto_readahead: 2
2025/12/02-02:30:54.622731 bda4        Options.write_buffer_size: 67108864
2025/12/02-02:30:54.622734 bda4  Options.max_write_buffer_number: 2
2025/12/02-02:30:54.622738 bda4          Options.compression: NoCompression
2025/12/02-02:30:54.622740 bda4                  Options.bottommost_compression: Disabled
2025/12/02-02:30:54.622743 bda4       Options.prefix_extractor: nullptr
2025/12/02-02:30:54.622745 bda4   Options.memtable_insert_with_hint_prefix_extractor: nullptr
2025/12/02-02:30:54.622747 bda4             Options.num_levels: 7
2025/12/02-02:30:54.622749 bda4        Options.min_write_buffer_number_to_merge: 1
2025/12/02-02:30:54.622752 bda4     Options.max_write_buffer_size_to_maintain: 0
2025/12/02-02:30:54.622754 bda4            Options.bottommost_compression_opts.window_bits: -14
2025/12/02-02:30:54.622757 bda4                  Options.bottommost_compression_opts.level: 32767
2025/12/02-02:30:54.622759 bda4               Options.bottommost_compression_opts.strategy: 0
2025/12/02-02:30:54.622764 bda4         Options.bottommost_compression_opts.max_dict_bytes: 0
2025/12/02-02:30:54.622768 bda4         Options.bottommost_compression_opts.zstd_max_train_bytes: 0
2025/12/02-02:30:54.622770 bda4         Options.bottommost_compression_opts.parallel_threads: 1
2025/12/02-02:30:54.622773 bda4                  Options.bottommost_compression_opts.enabled: false
2025/12/02-02:30:54.622776 bda4         Options.bottommost_compression_opts.max_dict_buffer_bytes: 0
2025/12/02-02:30:54.622779 bda4         Options.bottommost_compression_opts.use_zstd_dict_trainer: true
2025/12/02-02:30:54.622811 bda4            Options.compression_opts.window_bits: -14
2025/12/02-02:30:54.622814 bda4                  Options.compression_opts.level: 32767
2025/12/02-02:30:54.622817 bda4               Options.compression_opts.strategy: 0
2025/12/02-02:30:54.622819 bda4         Options.compression_opts.max_dict_bytes: 0
2025/12/02-02:30:54.622828 bda4         Options.compression_opts.zstd_max_train_bytes: 0
2025/12/02-02:30:54.622831 bda4         Options.compression_opts.use_zstd_dict_trainer: true
2025/12/02-02:30:54.622851 bda4         Options.compression_opts.parallel_threads: 1
2025/12/02-02:30:54.622854 bda4                  Options.compression_opts.enabled: false
2025/12/02-02:30:54.622857 bda4         Options.compression_opts.max_dict_buffer_bytes: 0
2025/12/02-02:30:54.622859 bda4      Options.level0_file_num_compaction_trigger: 4
2025/12/02-02:30:54.622861 bda4          Options.level0_slowdown_writes_trigger: 20
2025/12/02-02:30:54.622863 bda4              Options.level0_stop_writes_trigger: 36
2025/12/02-02:30:54.622865 bda4                   Options.target_file_size_base: 67108864
2025/12/02-02:30:54.622868 bda4             Options.target_file_size_multiplier: 1
2025/12/02-02:30:54.622870 bda4                Options.max_bytes_for_level_base: 268435456
2025/12/02-02:30:54.622872 bda4 Options.level_compaction_dynamic_level_bytes: 1
2025/12/02-02:30:54.622874 bda4          Options.max_bytes_for_level_multiplier: 10.000000
2025/12/02-02:30:54.622878 bda4 Options.max_bytes_for_level_multiplier_addtl[0]: 1
2025/12/02-02:30:54.622880 bda4 Options.max_bytes_for_level_multiplier_addtl[1]: 1
2025/12/02-02:30:54.622883 bda4 Options.max_bytes_for_level_multiplier_addtl[2]: 1
2025/12/02-02:30:54.622885 bda4 Options.max_bytes_for_level_multiplier_addtl[3]: 1
2025/12/02-02:30:54.622887 bda4 Options.max_bytes_for_level_multiplier_addtl[4]: 1
2025/12/02-02:30:54.622889 bda4 Options.max_bytes_for_level_multiplier_addtl[5]: 1
2025/12/02-02:30:54.622891 bda4 Options.max_bytes_for_level_multiplier_addtl[6]: 1
2025/12/02-02:30:54.622893 bda4       Options.max_sequential_skip_in_iterations: 8
2025/12/02-02:30:54.622895 bda4          Options.memtable_op_scan_flush_trigger: 0
2025/12/02-02:30:54.622898 bda4      Options.memtable_avg_op_scan_flush_trigger: 0
2025/12/02-02:30:54.622900 bda4                    Options.max_compaction_bytes: 1677721600
2025/12/02-02:30:54.622902 bda4                        Options.arena_block_size: 1048576
2025/12/02-02:30:54.622904 bda4   Options.soft_pending_compaction_bytes_limit: 68719476736
2025/12/02-02:30:54.622906 bda4   Options.hard_pending_compaction_bytes_limit: 274877906944
2025/12/02-02:30:54.622909 bda4                Options.disable_auto_compactions: 0
2025/12/02-02:30:54.622912 bda4                        Options.compaction_style: kCompactionStyleLevel
2025/12/02-02:30:54.622915 bda4                          Options.compaction_pri: kMinOverlappingRatio
2025/12/02-02:30:54.622917 bda4 Options.compaction_options_universal.size_ratio: 1
2025/12/02-02:30:54.622919 bda4 Options.compaction_options_universal.min_merge_width: 2
2025/12/02-02:30:54.622922 bda4 Options.compaction_options_universal.max_merge_width: 4294967295
2025/12/02-02:30:54.622924 bda4 Options.compaction_options_universal.max_size_amplification_percent: 200
2025/12/02-02:30:54.622926 bda4 Options.compaction_options_universal.compression_size_percent: -1
2025/12/02-02:30:54.622928 bda4 Options.compaction_options_universal.stop_style: kCompactionStopStyleTotalSize
2025/12/02-02:30:54.622932 bda4 Options.compaction_options_universal.max_read_amp: -1
2025/12/02-02:30:54.622935 bda4 Options.compaction_options_universal.reduce_file_locking: 0
2025/12/02-02:30:54.622943 bda4 Options.compaction_options_fifo.max_table_files_size: 1073741824
2025/12/02-02:30:54.622947 bda4 Options.compaction_options_fifo.allow_compaction: 0
2025/12/02-02:30:54.623010 bda4                   Options.table_properties_collectors: 
2025/12/02-02:30:54.623013 bda4                   Options.inplace_update_support: 0
2025/12/02-02:30:54.623016 bda4                 Options.inplace_update_num_locks: 10000
2025/12/02-02:30:54.623018 bda4               Options.memtable_prefix_bloom_size_ratio: 0.000000
2025/12/02-02:30:54.623021 bda4               Options.memtable_whole_key_filtering: 0
2025/12/02-02:30:54.623023 bda4   Options.memtable_huge_page_size: 0
2025/12/02-02:30:54.623026 bda4                           Options.bloom_locality: 0
2025/12/02-02:30:54.623028 bda4                    Options.max_successive_merges: 0
2025/12/02-02:30:54.623030 bda4             Options.strict_max_successive_merges: 0
2025/12/02-02:30:54.623032 bda4                Options.optimize_filters_for_hits: 0
2025/12/02-02:30:54.623034 bda4                Options.paranoid_file_checks: 0
2025/12/02-02:30:54.623036 bda4                Options.force_consistency_checks: 1
2025/12/02-02:30:54.623038 bda4                Options.report_bg_io_stats: 0
2025/12/02-02:30:54.623041 bda4                Options.disallow_memtable_writes: 0
2025/12/02-02:30:54.623043 bda4                               Options.ttl: 2592000
2025/12/02-02:30:54.623045 bda4          Options.periodic_compaction_seconds: 0
2025/12/02-02:30:54.623050 bda4                        Options.default_temperature: kUnknown
2025/12/02-02:30:54.623053 bda4  Options.preclude_last_level_data_seconds: 0
2025/12/02-02:30:54.623056 bda4    Options.preserve_internal_time_seconds: 0
2025/12/02-02:30:54.623058 bda4                       Options.enable_blob_files: false
2025/12/02-02:30:54.623091 bda4                           Options.min_blob_size: 0
2025/12/02-02:30:54.623117 bda4                          Options.blob_file_size: 0
2025/12/02-02:30:54.623120 bda4                   Options.blob_compression_type: NoCompression
2025/12/02-02:30:54.623123 bda4          Options.enable_blob_garbage_collection: true
2025/12/02-02:30:54.623125 bda4      Options.blob_garbage_collection_age_cutoff: 0.250000
2025/12/02-02:30:54.623130 bda4 Options.blob_garbage_collection_force_threshold: 1.000000
2025/12/02-02:30:54.623162 bda4          Options.blob_compaction_readahead_size: 0
2025/12/02-02:30:54.623166 bda4                Options.blob_file_starting_level: 0
2025/12/02-02:30:54.623168 bda4         Options.experimental_mempurge_threshold: 0.000000
2025/12/02-02:30:54.623171 bda4            Options.memtable_max_range_deletions: 0
2025/12/02-02:30:54.623303 bda4 [db\column_family.cc:692] --------------- Options for column family [corestore]:
2025/12/02-02:30:54.623317 bda4               Options.comparator: leveldb.BytewiseComparator
2025/12/02-02:30:54.623320 bda4           Options.merge_operator: None
2025/12/02-02:30:54.623347 bda4        Options.compaction_filter: None
2025/12/02-02:30:54.623350 bda4        Options.compaction_filter_factory: None
2025/12/02-02:30:54.623352 bda4  Options.sst_partitioner_factory: None
2025/12/02-02:30:54.623355 bda4         Options.memtable_factory: SkipListFactory
2025/12/02-02:30:54.623357 bda4            Options.table_factory: BlockBasedTable
2025/12/02-02:30:54.623379 bda4            table_factory options:   flush_block_policy_factory: FlushBlockBySizePolicyFactory (0000021926B68AF0)
  cache_index_and_filter_blocks: 1
  cache_index_and_filter_blocks_with_high_priority: 1
  pin_l0_filter_and_index_blocks_in_cache: 0
  pin_top_level_index_and_filter: 1
  index_type: 0
  data_block_index_type: 0
  index_shortening: 1
  data_block_hash_table_util_ratio: 0.750000
  checksum: 4
  no_block_cache: 0
  block_cache: 0000021926B3FDB0
  block_cache_name: LRUCache
  block_cache_options:
    capacity : 33554432
    num_shard_bits : 6
    strict_capacity_limit : 0
    memory_allocator : None
    high_pri_pool_ratio: 0.500
    low_pri_pool_ratio: 0.000
  persistent_cache: 0000000000000000
  block_size: 8192
  block_size_deviation: 10
  block_restart_interval: 16
  index_block_restart_interval: 1
  metadata_block_size: 4096
  partition_filters: 0
  use_delta_encoding: 1
  filter_policy: bloomfilter
  whole_key_filtering: 1
  verify_compression: 0
  read_amp_bytes_per_bit: 0
  format_version: 6
  enable_index_compression: 1
  block_align: 0
  max_auto_readahead_size: 262144
  prepopulate_block_cache: 0
  initial_auto_readahead_size: 8192
  num_file_reads_for_auto_readahead: 2
2025/12/02-02:30:54.623399 bda4        Options.write_buffer_size: 67108864
2025/12/02-02:30:54.623403 bda4  Options.max_write_buffer_number: 2
2025/12/02-02:30:54.623406 bda4          Options.compression: NoCompression
2025/12/02-02:30:54.623409 bda4                  Options.bottommost_compression: Disabled
2025/12/02-02:30:54.623412 bda4       Options.prefix_extractor: nullptr
2025/12/02-02:30:54.623414 bda4   Options.memtable_insert_with_hint_prefix_extractor: nullptr
2025/12/02-02:30:54.623416 bda4             Options.num_levels: 7
2025/12/02-02:30:54.623418 bda4        Options.min_write_buffer_number_to_merge: 1
2025/12/02-02:30:54.623421 bda4     Options.max_write_buffer_size_to_maintain: 0
2025/12/02-02:30:54.623423 bda4            Options.bottommost_compression_opts.window_bits: -14
2025/12/02-02:30:54.623425 bda4                  Options.bottommost_compression_opts.level: 32767
2025/12/02-02:30:54.623428 bda4               Options.bottommost_compression_opts.strategy: 0
2025/12/02-02:30:54.623430 bda4         Options.bottommost_compression_opts.max_dict_bytes: 0
2025/12/02-02:30:54.623432 bda4         Options.bottommost_compression_opts.zstd_max_train_bytes: 0
2025/12/02-02:30:54.623434 bda4         Options.bottommost_compression_opts.parallel_threads: 1
2025/12/02-02:30:54.623436 bda4                  Options.bottommost_compression_opts.enabled: false
2025/12/02-02:30:54.623438 bda4         Options.bottommost_compression_opts.max_dict_buffer_bytes: 0
2025/12/02-02:30:54.623442 bda4         Options.bottommost_compression_opts.use_zstd_dict_trainer: true
2025/12/02-02:30:54.623445 bda4            Options.compression_opts.window_bits: -14
2025/12/02-02:30:54.623448 bda4                  Options.compression_opts.level: 32767
2025/12/02-02:30:54.623451 bda4               Options.compression_opts.strategy: 0
2025/12/02-02:30:54.623453 bda4         Options.compression_opts.max_dict_bytes: 0
2025/12/02-02:30:54.623456 bda4         Options.compression_opts.zstd_max_train_bytes: 0
2025/12/02-02:30:54.623458 bda4         Options.compression_opts.use_zstd_dict_trainer: true
2025/12/02-02:30:54.623461 bda4         Options.compression_opts.parallel_threads: 1
2025/12/02-02:30:54.623463 bda4                  Options.compression_opts.enabled: false
2025/12/02-02:30:54.623465 bda4         Options.compression_opts.max_dict_buffer_bytes: 0
2025/12/02-02:30:54.623468 bda4      Options.level0_file_num_compaction_trigger: 4
2025/12/02-02:30:54.623471 bda4          Options.level0_slowdown_writes_trigger: 20
2025/12/02-02:30:54.623473 bda4              Options.level0_stop_writes_trigger: 36
2025/12/02-02:30:54.623476 bda4                   Options.target_file_size_base: 67108864
2025/12/02-02:30:54.623479 bda4             Options.target_file_size_multiplier: 1
2025/12/02-02:30:54.623489 bda4                Options.max_bytes_for_level_base: 268435456
2025/12/02-02:30:54.623534 bda4 Options.level_compaction_dynamic_level_bytes: 1
2025/12/02-02:30:54.623566 bda4          Options.max_bytes_for_level_multiplier: 10.000000
2025/12/02-02:30:54.623571 bda4 Options.max_bytes_for_level_multiplier_addtl[0]: 1
2025/12/02-02:30:54.623574 bda4 Options.max_bytes_for_level_multiplier_addtl[1]: 1
2025/12/02-02:30:54.623576 bda4 Options.max_bytes_for_level_multiplier_addtl[2]: 1
2025/12/02-02:30:54.623578 bda4 Options.max_bytes_for_level_multiplier_addtl[3]: 1
2025/12/02-02:30:54.623608 bda4 Options.max_bytes_for_level_multiplier_addtl[4]: 1
2025/12/02-02:30:54.623613 bda4 Options.max_bytes_for_level_multiplier_addtl[5]: 1
2025/12/02-02:30:54.623616 bda4 Options.max_bytes_for_level_multiplier_addtl[6]: 1
2025/12/02-02:30:54.623618 bda4       Options.max_sequential_skip_in_iterations: 8
2025/12/02-02:30:54.623621 bda4          Options.memtable_op_scan_flush_trigger: 0
2025/12/02-02:30:54.623638 bda4      Options.memtable_avg_op_scan_flush_trigger: 0
2025/12/02-02:30:54.623641 bda4                    Options.max_compaction_bytes: 1677721600
2025/12/02-02:30:54.623643 bda4                        Options.arena_block_size: 1048576
2025/12/02-02:30:54.623645 bda4   Options.soft_pending_compaction_bytes_limit: 68719476736
2025/12/02-02:30:54.623647 bda4   Options.hard_pending_compaction_bytes_limit: 274877906944
2025/12/02-02:30:54.623650 bda4                Options.disable_auto_compactions: 0
2025/12/02-02:30:54.623654 bda4                        Options.compaction_style: kCompactionStyleLevel
2025/12/02-02:30:54.623658 bda4                          Options.compaction_pri: kMinOverlappingRatio
2025/12/02-02:30:54.623660 bda4 Options.compaction_options_universal.size_ratio: 1
2025/12/02-02:30:54.623662 bda4 Options.compaction_options_universal.min_merge_width: 2
2025/12/02-02:30:54.623665 bda4 Options.compaction_options_universal.max_merge_width: 4294967295
2025/12/02-02:30:54.623667 bda4 Options.compaction_options_universal.max_size_amplification_percent: 200
2025/12/02-02:30:54.623669 bda4 Options.compaction_options_universal.compression_size_percent: -1
2025/12/02-02:30:54.623671 bda4 Options.compaction_options_universal.stop_style: kCompactionStopStyleTotalSize
2025/12/02-02:30:54.623674 bda4 Options.compaction_options_universal.max_read_amp: -1
2025/12/02-02:30:54.623676 bda4 Options.compaction_options_universal.reduce_file_locking: 0
2025/12/02-02:30:54.623678 bda4 Options.compaction_options_fifo.max_table_files_size: 1073741824
2025/12/02-02:30:54.623680 bda4 Options.compaction_options_fifo.allow_compaction: 0
2025/12/02-02:30:54.623684 bda4                   Options.table_properties_collectors: 
2025/12/02-02:30:54.623687 bda4                   Options.inplace_update_support: 0
2025/12/02-02:30:54.623690 bda4                 Options.inplace_update_num_locks: 10000
2025/12/02-02:30:54.623692 bda4               Options.memtable_prefix_bloom_size_ratio: 0.000000
2025/12/02-02:30:54.623695 bda4               Options.memtable_whole_key_filtering: 0
2025/12/02-02:30:54.623698 bda4   Options.memtable_huge_page_size: 0
2025/12/02-02:30:54.623700 bda4                           Options.bloom_locality: 0
2025/12/02-02:30:54.623703 bda4                    Options.max_successive_merges: 0
2025/12/02-02:30:54.623705 bda4             Options.strict_max_successive_merges: 0
2025/12/02-02:30:54.623711 bda4                Options.optimize_filters_for_hits: 0
2025/12/02-02:30:54.623732 bda4                Options.paranoid_file_checks: 0
2025/12/02-02:30:54.623737 bda4                Options.force_consistency_checks: 1
2025/12/02-02:30:54.623769 bda4                Options.report_bg_io_stats: 0
2025/12/02-02:30:54.623800 bda4                Options.disallow_memtable_writes: 0
2025/12/02-02:30:54.623803 bda4                               Options.ttl: 2592000
2025/12/02-02:30:54.623805 bda4          Options.periodic_compaction_seconds: 0
2025/12/02-02:30:54.623808 bda4                        Options.default_temperature: kUnknown
2025/12/02-02:30:54.623810 bda4  Options.preclude_last_level_data_seconds: 0
2025/12/02-02:30:54.623813 bda4    Options.preserve_internal_time_seconds: 0
2025/12/02-02:30:54.623825 bda4                       Options.enable_blob_files: true
2025/12/02-02:30:54.623833 bda4                           Options.min_blob_size: 4096
2025/12/02-02:30:54.623835 bda4                          Options.blob_file_size: 268435456
2025/12/02-02:30:54.623838 bda4                   Options.blob_compression_type: NoCompression
2025/12/02-02:30:54.623843 bda4          Options.enable_blob_garbage_collection: true
2025/12/02-02:30:54.623846 bda4      Options.blob_garbage_collection_age_cutoff: 0.250000
2025/12/02-02:30:54.623850 bda4 Options.blob_garbage_collection_force_threshold: 1.000000
2025/12/02-02:30:54.623852 bda4          Options.blob_compaction_readahead_size: 0
2025/12/02-02:30:54.623855 bda4                Options.blob_file_starting_level: 0
2025/12/02-02:30:54.623857 bda4         Options.experimental_mempurge_threshold: 0.000000
2025/12/02-02:30:54.623859 bda4            Options.memtable_max_range_deletions: 0
2025/12/02-02:30:54.624367 bda4 [db\version_set.cc:6181] Recovered from manifest file:storage\card-library\db/MANIFEST-000447 succeeded,manifest_file_number is 447, next_file_number is 449, last_sequence is 772, log_number is 437,prev_log_number is 0,max_column_family is 1,min_log_number_to_keep is 437
2025/12/02-02:30:54.624375 bda4 [db\version_set.cc:6190] Column family [default] (ID 0), log number is 437
2025/12/02-02:30:54.624396 bda4 [db\version_set.cc:6190] Column family [corestore] (ID 1), log number is 437
2025/12/02-02:30:54.624658 bda4 [db\db_impl\db_impl_open.cc:686] DB ID: 53d856eb-c840-11f0-a894-ac198ed0acb5
2025/12/02-02:30:54.625112 bda4 EVENT_LOG_v1 {"time_micros": 1764671454625088, "job": 1, "event": "recovery_started", "wal_files": [446]}
2025/12/02-02:30:54.625128 bda4 [db\db_impl\db_impl_open.cc:1370] Recovering log #446 mode 2
2025/12/02-02:30:54.625293 bda4 [db\db_impl\db_impl_open.cc:1344] Recovered to log #446 next seq #784
2025/12/02-02:30:54.629254 bda4 EVENT_LOG_v1 {"time_micros": 1764671454629240, "cf_name": "corestore", "job": 1, "event": "blob_file_creation", "file_number": 451, "total_blob_count": 1, "total_blob_bytes": 4133, "file_checksum": "", "file_checksum_func_name": "Unknown", "status": "OK"}
2025/12/02-02:30:54.629269 bda4 [db\blob\blob_file_builder.cc:357] [corestore] [JOB 1] Generated blob file #451: 1 total blobs, 4133 total bytes
