2025/11/28-12:19:31.302966 6fb8 RocksDB version: 10.5.1
2025/11/28-12:19:31.303101 6fb8 Git sha c007dd1da63fadc6bd0f34c7b8314cc29e7a42bd
2025/11/28-12:19:31.303115 6fb8 Compile date 2025-11-13 18:59:47
2025/11/28-12:19:31.303122 6fb8 DB SUMMARY
2025/11/28-12:19:31.303129 6fb8 Host name (Env):  THORSPC
2025/11/28-12:19:31.303134 6fb8 DB Session ID:  2V4BFZ5JS6892SLTQLZP
2025/11/28-12:19:31.303219 6fb8 SST files in storage\card-1764361171291-a33324\db dir, Total Num: 0, files: 
2025/11/28-12:19:31.303232 6fb8 Write Ahead Log file in storage\card-1764361171291-a33324\db: 
2025/11/28-12:19:31.303238 6fb8                         Options.error_if_exists: 0
2025/11/28-12:19:31.303244 6fb8                       Options.create_if_missing: 1
2025/11/28-12:19:31.303249 6fb8                         Options.paranoid_checks: 1
2025/11/28-12:19:31.303353 6fb8             Options.flush_verify_memtable_count: 1
2025/11/28-12:19:31.303357 6fb8          Options.compaction_verify_record_count: 1
2025/11/28-12:19:31.303359 6fb8                               Options.track_and_verify_wals_in_manifest: 0
2025/11/28-12:19:31.303361 6fb8                               Options.track_and_verify_wals: 0
2025/11/28-12:19:31.303363 6fb8        Options.verify_sst_unique_id_in_manifest: 1
2025/11/28-12:19:31.303366 6fb8                                     Options.env: 0000021BF7999800
2025/11/28-12:19:31.303368 6fb8                                      Options.fs: RocksFS
2025/11/28-12:19:31.303370 6fb8                                Options.info_log: 0000021BF7A203A0
2025/11/28-12:19:31.303373 6fb8                Options.max_file_opening_threads: 1
2025/11/28-12:19:31.303375 6fb8                              Options.statistics: 0000000000000000
2025/11/28-12:19:31.303377 6fb8                               Options.use_fsync: 0
2025/11/28-12:19:31.303379 6fb8                       Options.max_log_file_size: 0
2025/11/28-12:19:31.303383 6fb8                  Options.max_manifest_file_size: 1073741824
2025/11/28-12:19:31.303388 6fb8                   Options.log_file_time_to_roll: 0
2025/11/28-12:19:31.303390 6fb8                       Options.keep_log_file_num: 1000
2025/11/28-12:19:31.303393 6fb8                    Options.recycle_log_file_num: 0
2025/11/28-12:19:31.303395 6fb8                         Options.allow_fallocate: 1
2025/11/28-12:19:31.303397 6fb8                        Options.allow_mmap_reads: 0
2025/11/28-12:19:31.303399 6fb8                       Options.allow_mmap_writes: 0
2025/11/28-12:19:31.303401 6fb8                        Options.use_direct_reads: 0
2025/11/28-12:19:31.303403 6fb8                        Options.use_direct_io_for_flush_and_compaction: 0
2025/11/28-12:19:31.303405 6fb8          Options.create_missing_column_families: 1
2025/11/28-12:19:31.303407 6fb8                              Options.db_log_dir: 
2025/11/28-12:19:31.303410 6fb8                                 Options.wal_dir: 
2025/11/28-12:19:31.303412 6fb8                Options.table_cache_numshardbits: 6
2025/11/28-12:19:31.303414 6fb8                         Options.WAL_ttl_seconds: 0
2025/11/28-12:19:31.303416 6fb8                       Options.WAL_size_limit_MB: 0
2025/11/28-12:19:31.303418 6fb8                        Options.max_write_batch_group_size_bytes: 1048576
2025/11/28-12:19:31.303421 6fb8             Options.manifest_preallocation_size: 4194304
2025/11/28-12:19:31.303423 6fb8                     Options.is_fd_close_on_exec: 1
2025/11/28-12:19:31.303425 6fb8                   Options.advise_random_on_open: 1
2025/11/28-12:19:31.303427 6fb8                    Options.db_write_buffer_size: 0
2025/11/28-12:19:31.303429 6fb8                    Options.write_buffer_manager: 0000021BF79B2EE0
2025/11/28-12:19:31.303431 6fb8                      Options.use_adaptive_mutex: 0
2025/11/28-12:19:31.303433 6fb8                            Options.rate_limiter: 0000000000000000
2025/11/28-12:19:31.303438 6fb8     Options.sst_file_manager.rate_bytes_per_sec: 0
2025/11/28-12:19:31.303440 6fb8                       Options.wal_recovery_mode: 2
2025/11/28-12:19:31.303442 6fb8                  Options.enable_thread_tracking: 0
2025/11/28-12:19:31.303458 6fb8                  Options.enable_pipelined_write: 0
2025/11/28-12:19:31.303462 6fb8                  Options.unordered_write: 0
2025/11/28-12:19:31.303464 6fb8         Options.allow_concurrent_memtable_write: 1
2025/11/28-12:19:31.303466 6fb8      Options.enable_write_thread_adaptive_yield: 1
2025/11/28-12:19:31.303468 6fb8             Options.write_thread_max_yield_usec: 100
2025/11/28-12:19:31.303470 6fb8            Options.write_thread_slow_yield_usec: 3
2025/11/28-12:19:31.303472 6fb8                               Options.row_cache: None
2025/11/28-12:19:31.303475 6fb8                              Options.wal_filter: None
2025/11/28-12:19:31.303477 6fb8             Options.avoid_flush_during_recovery: 0
2025/11/28-12:19:31.303479 6fb8             Options.allow_ingest_behind: 0
2025/11/28-12:19:31.303481 6fb8             Options.two_write_queues: 0
2025/11/28-12:19:31.303483 6fb8             Options.manual_wal_flush: 0
2025/11/28-12:19:31.303485 6fb8             Options.wal_compression: 0
2025/11/28-12:19:31.303487 6fb8             Options.background_close_inactive_wals: 0
2025/11/28-12:19:31.303489 6fb8             Options.atomic_flush: 0
2025/11/28-12:19:31.303491 6fb8             Options.avoid_unnecessary_blocking_io: 0
2025/11/28-12:19:31.303493 6fb8             Options.prefix_seek_opt_in_only: 0
2025/11/28-12:19:31.303496 6fb8                 Options.persist_stats_to_disk: 0
2025/11/28-12:19:31.303498 6fb8                 Options.write_dbid_to_manifest: 1
2025/11/28-12:19:31.303500 6fb8                 Options.write_identity_file: 1
2025/11/28-12:19:31.303502 6fb8                 Options.log_readahead_size: 0
2025/11/28-12:19:31.303504 6fb8                 Options.file_checksum_gen_factory: Unknown
2025/11/28-12:19:31.303506 6fb8                 Options.best_efforts_recovery: 0
2025/11/28-12:19:31.303508 6fb8                Options.max_bgerror_resume_count: 2147483647
2025/11/28-12:19:31.303511 6fb8            Options.bgerror_resume_retry_interval: 1000000
2025/11/28-12:19:31.303513 6fb8             Options.allow_data_in_errors: 0
2025/11/28-12:19:31.303515 6fb8             Options.db_host_id: __hostname__
2025/11/28-12:19:31.303517 6fb8             Options.enforce_single_del_contracts: true
2025/11/28-12:19:31.303520 6fb8             Options.metadata_write_temperature: kUnknown
2025/11/28-12:19:31.303522 6fb8             Options.wal_write_temperature: kUnknown
2025/11/28-12:19:31.303525 6fb8             Options.max_background_jobs: 6
2025/11/28-12:19:31.303527 6fb8             Options.max_background_compactions: -1
2025/11/28-12:19:31.303529 6fb8             Options.max_subcompactions: 1
2025/11/28-12:19:31.303531 6fb8             Options.avoid_flush_during_shutdown: 0
2025/11/28-12:19:31.303533 6fb8           Options.writable_file_max_buffer_size: 1048576
2025/11/28-12:19:31.303536 6fb8             Options.delayed_write_rate : 16777216
2025/11/28-12:19:31.303538 6fb8             Options.max_total_wal_size: 0
2025/11/28-12:19:31.303540 6fb8             Options.delete_obsolete_files_period_micros: 21600000000
2025/11/28-12:19:31.303542 6fb8                   Options.stats_dump_period_sec: 600
2025/11/28-12:19:31.303544 6fb8                 Options.stats_persist_period_sec: 600
2025/11/28-12:19:31.303546 6fb8                 Options.stats_history_buffer_size: 1048576
2025/11/28-12:19:31.303548 6fb8                          Options.max_open_files: -1
2025/11/28-12:19:31.303551 6fb8                          Options.bytes_per_sync: 1048576
2025/11/28-12:19:31.303553 6fb8                      Options.wal_bytes_per_sync: 0
2025/11/28-12:19:31.303555 6fb8                   Options.strict_bytes_per_sync: 0
2025/11/28-12:19:31.303557 6fb8       Options.compaction_readahead_size: 2097152
2025/11/28-12:19:31.303559 6fb8                  Options.max_background_flushes: -1
2025/11/28-12:19:31.303562 6fb8 Options.daily_offpeak_time_utc: 
2025/11/28-12:19:31.303564 6fb8 Compression algorithms supported:
2025/11/28-12:19:31.303566 6fb8 	kZSTD supported: 0
2025/11/28-12:19:31.303576 6fb8 	kCustomCompressionA3 supported: 0
2025/11/28-12:19:31.303579 6fb8 	kSnappyCompression supported: 0
2025/11/28-12:19:31.303581 6fb8 	kCustomCompressionA5 supported: 0
2025/11/28-12:19:31.303583 6fb8 	kBZip2Compression supported: 0
2025/11/28-12:19:31.303585 6fb8 	kZlibCompression supported: 0
2025/11/28-12:19:31.303588 6fb8 	kLZ4Compression supported: 0
2025/11/28-12:19:31.303590 6fb8 	kXpressCompression supported: 0
2025/11/28-12:19:31.303592 6fb8 	kCustomCompressionA7 supported: 0
2025/11/28-12:19:31.303594 6fb8 	kLZ4HCCompression supported: 0
2025/11/28-12:19:31.303596 6fb8 	kCustomCompressionB2 supported: 0
2025/11/28-12:19:31.303598 6fb8 	kCustomCompression9C supported: 0
2025/11/28-12:19:31.303600 6fb8 	kCustomCompression80 supported: 0
2025/11/28-12:19:31.303602 6fb8 	kCustomCompressionB3 supported: 0
2025/11/28-12:19:31.303604 6fb8 	kCustomCompression9B supported: 0
2025/11/28-12:19:31.303606 6fb8 	kCustomCompression81 supported: 0
2025/11/28-12:19:31.303609 6fb8 	kCustomCompressionB0 supported: 0
2025/11/28-12:19:31.303610 6fb8 	kCustomCompression9A supported: 0
2025/11/28-12:19:31.303612 6fb8 	kCustomCompression82 supported: 0
2025/11/28-12:19:31.303614 6fb8 	kCustomCompressionB1 supported: 0
2025/11/28-12:19:31.303616 6fb8 	kCustomCompression83 supported: 0
2025/11/28-12:19:31.303618 6fb8 	kCustomCompressionB6 supported: 0
2025/11/28-12:19:31.303620 6fb8 	kCustomCompression84 supported: 0
2025/11/28-12:19:31.303623 6fb8 	kCustomCompressionB7 supported: 0
2025/11/28-12:19:31.303625 6fb8 	kCustomCompression9F supported: 0
2025/11/28-12:19:31.303627 6fb8 	kCustomCompression85 supported: 0
2025/11/28-12:19:31.303629 6fb8 	kCustomCompressionB4 supported: 0
2025/11/28-12:19:31.303631 6fb8 	kCustomCompression9E supported: 0
2025/11/28-12:19:31.303633 6fb8 	kCustomCompression86 supported: 0
2025/11/28-12:19:31.303635 6fb8 	kCustomCompressionB5 supported: 0
2025/11/28-12:19:31.303637 6fb8 	kCustomCompression9D supported: 0
2025/11/28-12:19:31.303639 6fb8 	kCustomCompression87 supported: 0
2025/11/28-12:19:31.303641 6fb8 	kCustomCompression88 supported: 0
2025/11/28-12:19:31.303643 6fb8 	kCustomCompression89 supported: 0
2025/11/28-12:19:31.303645 6fb8 	kCustomCompression92 supported: 0
2025/11/28-12:19:31.303647 6fb8 	kCustomCompression8A supported: 0
2025/11/28-12:19:31.303649 6fb8 	kCustomCompression91 supported: 0
2025/11/28-12:19:31.303651 6fb8 	kCustomCompression8B supported: 0
2025/11/28-12:19:31.303653 6fb8 	kCustomCompression90 supported: 0
2025/11/28-12:19:31.303655 6fb8 	kCustomCompression8C supported: 0
2025/11/28-12:19:31.303657 6fb8 	kCustomCompression97 supported: 0
2025/11/28-12:19:31.303659 6fb8 	kCustomCompression8D supported: 0
2025/11/28-12:19:31.303661 6fb8 	kCustomCompression96 supported: 0
2025/11/28-12:19:31.303663 6fb8 	kCustomCompression8E supported: 0
2025/11/28-12:19:31.303665 6fb8 	kCustomCompression95 supported: 0
2025/11/28-12:19:31.303667 6fb8 	kCustomCompression8F supported: 0
2025/11/28-12:19:31.303669 6fb8 	kCustomCompression93 supported: 0
2025/11/28-12:19:31.303671 6fb8 	kCustomCompression94 supported: 0
2025/11/28-12:19:31.303673 6fb8 	kCustomCompression98 supported: 0
2025/11/28-12:19:31.303675 6fb8 	kCustomCompression99 supported: 0
2025/11/28-12:19:31.303677 6fb8 	kCustomCompressionA0 supported: 0
2025/11/28-12:19:31.303679 6fb8 	kCustomCompressionA1 supported: 0
2025/11/28-12:19:31.303681 6fb8 	kCustomCompressionA2 supported: 0
2025/11/28-12:19:31.303683 6fb8 	kCustomCompressionA4 supported: 0
2025/11/28-12:19:31.303685 6fb8 	kCustomCompressionA6 supported: 0
2025/11/28-12:19:31.303687 6fb8 	kCustomCompressionA8 supported: 0
2025/11/28-12:19:31.303689 6fb8 	kCustomCompressionA9 supported: 0
2025/11/28-12:19:31.303691 6fb8 	kCustomCompressionAA supported: 0
2025/11/28-12:19:31.303693 6fb8 	kCustomCompressionAB supported: 0
2025/11/28-12:19:31.303695 6fb8 	kCustomCompressionAC supported: 0
2025/11/28-12:19:31.303697 6fb8 	kCustomCompressionAD supported: 0
2025/11/28-12:19:31.303699 6fb8 	kCustomCompressionAE supported: 0
2025/11/28-12:19:31.303701 6fb8 	kCustomCompressionAF supported: 0
2025/11/28-12:19:31.303704 6fb8 	kCustomCompressionB8 supported: 0
2025/11/28-12:19:31.303706 6fb8 	kCustomCompressionB9 supported: 0
2025/11/28-12:19:31.303708 6fb8 	kCustomCompressionBA supported: 0
2025/11/28-12:19:31.303710 6fb8 	kCustomCompressionBB supported: 0
2025/11/28-12:19:31.303712 6fb8 	kCustomCompressionBC supported: 0
2025/11/28-12:19:31.303714 6fb8 	kCustomCompressionBD supported: 0
2025/11/28-12:19:31.303716 6fb8 	kCustomCompressionBE supported: 0
2025/11/28-12:19:31.303718 6fb8 	kCustomCompressionBF supported: 0
2025/11/28-12:19:31.303721 6fb8 	kCustomCompressionC0 supported: 0
2025/11/28-12:19:31.303723 6fb8 	kCustomCompressionC1 supported: 0
2025/11/28-12:19:31.303724 6fb8 	kCustomCompressionC2 supported: 0
2025/11/28-12:19:31.303727 6fb8 	kCustomCompressionC3 supported: 0
2025/11/28-12:19:31.303728 6fb8 	kCustomCompressionC4 supported: 0
2025/11/28-12:19:31.303731 6fb8 	kCustomCompressionC5 supported: 0
2025/11/28-12:19:31.303733 6fb8 	kCustomCompressionC6 supported: 0
2025/11/28-12:19:31.303735 6fb8 	kCustomCompressionC7 supported: 0
2025/11/28-12:19:31.303737 6fb8 	kCustomCompressionC8 supported: 0
2025/11/28-12:19:31.303739 6fb8 	kCustomCompressionC9 supported: 0
2025/11/28-12:19:31.303741 6fb8 	kCustomCompressionCA supported: 0
2025/11/28-12:19:31.303743 6fb8 	kCustomCompressionCB supported: 0
2025/11/28-12:19:31.303745 6fb8 	kCustomCompressionCC supported: 0
2025/11/28-12:19:31.303747 6fb8 	kCustomCompressionCD supported: 0
2025/11/28-12:19:31.303749 6fb8 	kCustomCompressionCE supported: 0
2025/11/28-12:19:31.303751 6fb8 	kCustomCompressionCF supported: 0
2025/11/28-12:19:31.303753 6fb8 	kCustomCompressionD0 supported: 0
2025/11/28-12:19:31.303755 6fb8 	kCustomCompressionD1 supported: 0
2025/11/28-12:19:31.303757 6fb8 	kCustomCompressionD2 supported: 0
2025/11/28-12:19:31.303759 6fb8 	kCustomCompressionD3 supported: 0
2025/11/28-12:19:31.303761 6fb8 	kCustomCompressionD4 supported: 0
2025/11/28-12:19:31.303763 6fb8 	kCustomCompressionD5 supported: 0
2025/11/28-12:19:31.303765 6fb8 	kCustomCompressionD6 supported: 0
2025/11/28-12:19:31.303767 6fb8 	kCustomCompressionD7 supported: 0
2025/11/28-12:19:31.303769 6fb8 	kCustomCompressionD8 supported: 0
2025/11/28-12:19:31.303771 6fb8 	kCustomCompressionD9 supported: 0
2025/11/28-12:19:31.303773 6fb8 	kCustomCompressionDA supported: 0
2025/11/28-12:19:31.303774 6fb8 	kCustomCompressionDB supported: 0
2025/11/28-12:19:31.303776 6fb8 	kCustomCompressionDC supported: 0
2025/11/28-12:19:31.303778 6fb8 	kCustomCompressionDD supported: 0
2025/11/28-12:19:31.303780 6fb8 	kCustomCompressionDE supported: 0
2025/11/28-12:19:31.303782 6fb8 	kCustomCompressionDF supported: 0
2025/11/28-12:19:31.303784 6fb8 	kCustomCompressionE0 supported: 0
2025/11/28-12:19:31.303786 6fb8 	kCustomCompressionE1 supported: 0
2025/11/28-12:19:31.303788 6fb8 	kCustomCompressionE2 supported: 0
2025/11/28-12:19:31.303790 6fb8 	kCustomCompressionE3 supported: 0
2025/11/28-12:19:31.303792 6fb8 	kCustomCompressionE4 supported: 0
2025/11/28-12:19:31.303794 6fb8 	kCustomCompressionE5 supported: 0
2025/11/28-12:19:31.303796 6fb8 	kCustomCompressionE6 supported: 0
2025/11/28-12:19:31.303798 6fb8 	kCustomCompressionE7 supported: 0
2025/11/28-12:19:31.303800 6fb8 	kCustomCompressionE8 supported: 0
2025/11/28-12:19:31.303802 6fb8 	kCustomCompressionE9 supported: 0
2025/11/28-12:19:31.303804 6fb8 	kCustomCompressionEA supported: 0
2025/11/28-12:19:31.303806 6fb8 	kCustomCompressionEB supported: 0
2025/11/28-12:19:31.303808 6fb8 	kCustomCompressionEC supported: 0
2025/11/28-12:19:31.303810 6fb8 	kCustomCompressionED supported: 0
2025/11/28-12:19:31.303813 6fb8 	kCustomCompressionEE supported: 0
2025/11/28-12:19:31.303815 6fb8 	kCustomCompressionEF supported: 0
2025/11/28-12:19:31.303817 6fb8 	kCustomCompressionF0 supported: 0
2025/11/28-12:19:31.303819 6fb8 	kCustomCompressionF1 supported: 0
2025/11/28-12:19:31.303821 6fb8 	kCustomCompressionF2 supported: 0
2025/11/28-12:19:31.303822 6fb8 	kCustomCompressionF3 supported: 0
2025/11/28-12:19:31.303824 6fb8 	kCustomCompressionF4 supported: 0
2025/11/28-12:19:31.303834 6fb8 	kCustomCompressionF5 supported: 0
2025/11/28-12:19:31.303836 6fb8 	kCustomCompressionF6 supported: 0
2025/11/28-12:19:31.303839 6fb8 	kCustomCompressionF7 supported: 0
2025/11/28-12:19:31.303841 6fb8 	kCustomCompressionF8 supported: 0
2025/11/28-12:19:31.303843 6fb8 	kCustomCompressionF9 supported: 0
2025/11/28-12:19:31.303845 6fb8 	kCustomCompressionFA supported: 0
2025/11/28-12:19:31.303847 6fb8 	kCustomCompressionFB supported: 0
2025/11/28-12:19:31.303849 6fb8 	kCustomCompressionFC supported: 0
2025/11/28-12:19:31.303851 6fb8 	kCustomCompressionFD supported: 0
2025/11/28-12:19:31.303853 6fb8 	kCustomCompressionFE supported: 0
2025/11/28-12:19:31.303856 6fb8 Fast CRC32 supported: Not supported on x86
2025/11/28-12:19:31.303859 6fb8 DMutex implementation: std::mutex
2025/11/28-12:19:31.303861 6fb8 Jemalloc supported: 0
2025/11/28-12:19:31.306074 6fb8 [db\db_impl\db_impl_open.cc:312] Creating manifest 1 
2025/11/28-12:19:31.315385 6fb8 [db\version_set.cc:6123] Recovering from manifest file: storage\card-1764361171291-a33324\db/MANIFEST-000001
2025/11/28-12:19:31.315491 6fb8 [db\column_family.cc:692] --------------- Options for column family [default]:
2025/11/28-12:19:31.315497 6fb8               Options.comparator: leveldb.BytewiseComparator
2025/11/28-12:19:31.315500 6fb8           Options.merge_operator: None
2025/11/28-12:19:31.315502 6fb8        Options.compaction_filter: None
2025/11/28-12:19:31.315504 6fb8        Options.compaction_filter_factory: None
2025/11/28-12:19:31.315506 6fb8  Options.sst_partitioner_factory: None
2025/11/28-12:19:31.315508 6fb8         Options.memtable_factory: SkipListFactory
2025/11/28-12:19:31.315511 6fb8            Options.table_factory: BlockBasedTable
2025/11/28-12:19:31.315548 6fb8            table_factory options:   flush_block_policy_factory: FlushBlockBySizePolicyFactory (0000021BF2D70E10)
  cache_index_and_filter_blocks: 1
  cache_index_and_filter_blocks_with_high_priority: 1
  pin_l0_filter_and_index_blocks_in_cache: 0
  pin_top_level_index_and_filter: 1
  index_type: 0
  data_block_index_type: 0
  index_shortening: 1
  data_block_hash_table_util_ratio: 0.750000
  checksum: 4
  no_block_cache: 0
  block_cache: 0000021BF7A842F0
  block_cache_name: LRUCache
  block_cache_options:
    capacity : 33554432
    num_shard_bits : 6
    strict_capacity_limit : 0
    memory_allocator : None
    high_pri_pool_ratio: 0.500
    low_pri_pool_ratio: 0.000
  persistent_cache: 0000000000000000
  block_size: 8192
  block_size_deviation: 10
  block_restart_interval: 16
  index_block_restart_interval: 1
  metadata_block_size: 4096
  partition_filters: 0
  use_delta_encoding: 1
  filter_policy: bloomfilter
  whole_key_filtering: 1
  verify_compression: 0
  read_amp_bytes_per_bit: 0
  format_version: 6
  enable_index_compression: 1
  block_align: 0
  max_auto_readahead_size: 262144
  prepopulate_block_cache: 0
  initial_auto_readahead_size: 8192
  num_file_reads_for_auto_readahead: 2
2025/11/28-12:19:31.315551 6fb8        Options.write_buffer_size: 67108864
2025/11/28-12:19:31.315554 6fb8  Options.max_write_buffer_number: 2
2025/11/28-12:19:31.315559 6fb8          Options.compression: NoCompression
2025/11/28-12:19:31.315561 6fb8                  Options.bottommost_compression: Disabled
2025/11/28-12:19:31.315564 6fb8       Options.prefix_extractor: nullptr
2025/11/28-12:19:31.315566 6fb8   Options.memtable_insert_with_hint_prefix_extractor: nullptr
2025/11/28-12:19:31.315568 6fb8             Options.num_levels: 7
2025/11/28-12:19:31.315570 6fb8        Options.min_write_buffer_number_to_merge: 1
2025/11/28-12:19:31.315572 6fb8     Options.max_write_buffer_size_to_maintain: 0
2025/11/28-12:19:31.315574 6fb8            Options.bottommost_compression_opts.window_bits: -14
2025/11/28-12:19:31.315577 6fb8                  Options.bottommost_compression_opts.level: 32767
2025/11/28-12:19:31.315579 6fb8               Options.bottommost_compression_opts.strategy: 0
2025/11/28-12:19:31.315581 6fb8         Options.bottommost_compression_opts.max_dict_bytes: 0
2025/11/28-12:19:31.315587 6fb8         Options.bottommost_compression_opts.zstd_max_train_bytes: 0
2025/11/28-12:19:31.315590 6fb8         Options.bottommost_compression_opts.parallel_threads: 1
2025/11/28-12:19:31.315592 6fb8                  Options.bottommost_compression_opts.enabled: false
2025/11/28-12:19:31.315595 6fb8         Options.bottommost_compression_opts.max_dict_buffer_bytes: 0
2025/11/28-12:19:31.315597 6fb8         Options.bottommost_compression_opts.use_zstd_dict_trainer: true
2025/11/28-12:19:31.315599 6fb8            Options.compression_opts.window_bits: -14
2025/11/28-12:19:31.315602 6fb8                  Options.compression_opts.level: 32767
2025/11/28-12:19:31.315604 6fb8               Options.compression_opts.strategy: 0
2025/11/28-12:19:31.315606 6fb8         Options.compression_opts.max_dict_bytes: 0
2025/11/28-12:19:31.315608 6fb8         Options.compression_opts.zstd_max_train_bytes: 0
2025/11/28-12:19:31.315610 6fb8         Options.compression_opts.use_zstd_dict_trainer: true
2025/11/28-12:19:31.315612 6fb8         Options.compression_opts.parallel_threads: 1
2025/11/28-12:19:31.315615 6fb8                  Options.compression_opts.enabled: false
2025/11/28-12:19:31.315617 6fb8         Options.compression_opts.max_dict_buffer_bytes: 0
2025/11/28-12:19:31.315619 6fb8      Options.level0_file_num_compaction_trigger: 4
2025/11/28-12:19:31.315621 6fb8          Options.level0_slowdown_writes_trigger: 20
2025/11/28-12:19:31.315623 6fb8              Options.level0_stop_writes_trigger: 36
2025/11/28-12:19:31.315626 6fb8                   Options.target_file_size_base: 67108864
2025/11/28-12:19:31.315628 6fb8             Options.target_file_size_multiplier: 1
2025/11/28-12:19:31.315630 6fb8                Options.max_bytes_for_level_base: 268435456
2025/11/28-12:19:31.315632 6fb8 Options.level_compaction_dynamic_level_bytes: 1
2025/11/28-12:19:31.315634 6fb8          Options.max_bytes_for_level_multiplier: 10.000000
2025/11/28-12:19:31.315640 6fb8 Options.max_bytes_for_level_multiplier_addtl[0]: 1
2025/11/28-12:19:31.315642 6fb8 Options.max_bytes_for_level_multiplier_addtl[1]: 1
2025/11/28-12:19:31.315644 6fb8 Options.max_bytes_for_level_multiplier_addtl[2]: 1
2025/11/28-12:19:31.315646 6fb8 Options.max_bytes_for_level_multiplier_addtl[3]: 1
2025/11/28-12:19:31.315648 6fb8 Options.max_bytes_for_level_multiplier_addtl[4]: 1
2025/11/28-12:19:31.315651 6fb8 Options.max_bytes_for_level_multiplier_addtl[5]: 1
2025/11/28-12:19:31.315653 6fb8 Options.max_bytes_for_level_multiplier_addtl[6]: 1
2025/11/28-12:19:31.315655 6fb8       Options.max_sequential_skip_in_iterations: 8
2025/11/28-12:19:31.315657 6fb8          Options.memtable_op_scan_flush_trigger: 0
2025/11/28-12:19:31.315659 6fb8      Options.memtable_avg_op_scan_flush_trigger: 0
2025/11/28-12:19:31.315661 6fb8                    Options.max_compaction_bytes: 1677721600
2025/11/28-12:19:31.315663 6fb8                        Options.arena_block_size: 1048576
2025/11/28-12:19:31.315665 6fb8   Options.soft_pending_compaction_bytes_limit: 68719476736
2025/11/28-12:19:31.315668 6fb8   Options.hard_pending_compaction_bytes_limit: 274877906944
2025/11/28-12:19:31.315670 6fb8                Options.disable_auto_compactions: 0
2025/11/28-12:19:31.315673 6fb8                        Options.compaction_style: kCompactionStyleLevel
2025/11/28-12:19:31.315676 6fb8                          Options.compaction_pri: kMinOverlappingRatio
2025/11/28-12:19:31.315678 6fb8 Options.compaction_options_universal.size_ratio: 1
2025/11/28-12:19:31.315680 6fb8 Options.compaction_options_universal.min_merge_width: 2
2025/11/28-12:19:31.315682 6fb8 Options.compaction_options_universal.max_merge_width: 4294967295
2025/11/28-12:19:31.315685 6fb8 Options.compaction_options_universal.max_size_amplification_percent: 200
2025/11/28-12:19:31.315687 6fb8 Options.compaction_options_universal.compression_size_percent: -1
2025/11/28-12:19:31.315689 6fb8 Options.compaction_options_universal.stop_style: kCompactionStopStyleTotalSize
2025/11/28-12:19:31.315691 6fb8 Options.compaction_options_universal.max_read_amp: -1
2025/11/28-12:19:31.315694 6fb8 Options.compaction_options_universal.reduce_file_locking: 0
2025/11/28-12:19:31.315697 6fb8 Options.compaction_options_fifo.max_table_files_size: 1073741824
2025/11/28-12:19:31.315699 6fb8 Options.compaction_options_fifo.allow_compaction: 0
2025/11/28-12:19:31.315762 6fb8                   Options.table_properties_collectors: 
2025/11/28-12:19:31.315764 6fb8                   Options.inplace_update_support: 0
2025/11/28-12:19:31.315766 6fb8                 Options.inplace_update_num_locks: 10000
2025/11/28-12:19:31.315768 6fb8               Options.memtable_prefix_bloom_size_ratio: 0.000000
2025/11/28-12:19:31.315771 6fb8               Options.memtable_whole_key_filtering: 0
2025/11/28-12:19:31.315773 6fb8   Options.memtable_huge_page_size: 0
2025/11/28-12:19:31.315775 6fb8                           Options.bloom_locality: 0
2025/11/28-12:19:31.315777 6fb8                    Options.max_successive_merges: 0
2025/11/28-12:19:31.315780 6fb8             Options.strict_max_successive_merges: 0
2025/11/28-12:19:31.315782 6fb8                Options.optimize_filters_for_hits: 0
2025/11/28-12:19:31.315784 6fb8                Options.paranoid_file_checks: 0
2025/11/28-12:19:31.315786 6fb8                Options.force_consistency_checks: 1
2025/11/28-12:19:31.315788 6fb8                Options.report_bg_io_stats: 0
2025/11/28-12:19:31.315790 6fb8                Options.disallow_memtable_writes: 0
2025/11/28-12:19:31.315792 6fb8                               Options.ttl: 2592000
2025/11/28-12:19:31.315794 6fb8          Options.periodic_compaction_seconds: 0
2025/11/28-12:19:31.315797 6fb8                        Options.default_temperature: kUnknown
2025/11/28-12:19:31.315799 6fb8  Options.preclude_last_level_data_seconds: 0
2025/11/28-12:19:31.315801 6fb8    Options.preserve_internal_time_seconds: 0
2025/11/28-12:19:31.315803 6fb8                       Options.enable_blob_files: false
2025/11/28-12:19:31.315805 6fb8                           Options.min_blob_size: 0
2025/11/28-12:19:31.315807 6fb8                          Options.blob_file_size: 0
2025/11/28-12:19:31.315809 6fb8                   Options.blob_compression_type: NoCompression
2025/11/28-12:19:31.315811 6fb8          Options.enable_blob_garbage_collection: true
2025/11/28-12:19:31.315814 6fb8      Options.blob_garbage_collection_age_cutoff: 0.250000
2025/11/28-12:19:31.315816 6fb8 Options.blob_garbage_collection_force_threshold: 1.000000
2025/11/28-12:19:31.315818 6fb8          Options.blob_compaction_readahead_size: 0
2025/11/28-12:19:31.315821 6fb8                Options.blob_file_starting_level: 0
2025/11/28-12:19:31.315823 6fb8         Options.experimental_mempurge_threshold: 0.000000
2025/11/28-12:19:31.315825 6fb8            Options.memtable_max_range_deletions: 0
2025/11/28-12:19:31.315978 6fb8 [db\version_set.cc:6181] Recovered from manifest file:storage\card-1764361171291-a33324\db/MANIFEST-000001 succeeded,manifest_file_number is 1, next_file_number is 3, last_sequence is 0, log_number is 0,prev_log_number is 0,max_column_family is 0,min_log_number_to_keep is 0
2025/11/28-12:19:31.315984 6fb8 [db\version_set.cc:6190] Column family [default] (ID 0), log number is 0
2025/11/28-12:19:31.315987 6fb8 [db\db_impl\db_impl_open.cc:686] DB ID: 8b9e2a51-cc97-11f0-a895-ac198ed0acb8
2025/11/28-12:19:31.316351 6fb8 [db\version_set.cc:5631] Creating manifest 5
2025/11/28-12:19:31.320051 6fb8 [db\column_family.cc:692] --------------- Options for column family [corestore]:
2025/11/28-12:19:31.320062 6fb8               Options.comparator: leveldb.BytewiseComparator
2025/11/28-12:19:31.320065 6fb8           Options.merge_operator: None
2025/11/28-12:19:31.320067 6fb8        Options.compaction_filter: None
2025/11/28-12:19:31.320069 6fb8        Options.compaction_filter_factory: None
2025/11/28-12:19:31.320071 6fb8  Options.sst_partitioner_factory: None
2025/11/28-12:19:31.320073 6fb8         Options.memtable_factory: SkipListFactory
2025/11/28-12:19:31.320076 6fb8            Options.table_factory: BlockBasedTable
2025/11/28-12:19:31.320099 6fb8            table_factory options:   flush_block_policy_factory: FlushBlockBySizePolicyFactory (0000021BF7A2F4B0)
  cache_index_and_filter_blocks: 1
  cache_index_and_filter_blocks_with_high_priority: 1
  pin_l0_filter_and_index_blocks_in_cache: 0
  pin_top_level_index_and_filter: 1
  index_type: 0
  data_block_index_type: 0
  index_shortening: 1
  data_block_hash_table_util_ratio: 0.750000
  checksum: 4
  no_block_cache: 0
  block_cache: 0000021BF7A83520
  block_cache_name: LRUCache
  block_cache_options:
    capacity : 33554432
    num_shard_bits : 6
    strict_capacity_limit : 0
    memory_allocator : None
    high_pri_pool_ratio: 0.500
    low_pri_pool_ratio: 0.000
  persistent_cache: 0000000000000000
  block_size: 8192
  block_size_deviation: 10
  block_restart_interval: 16
  index_block_restart_interval: 1
  metadata_block_size: 4096
  partition_filters: 0
  use_delta_encoding: 1
  filter_policy: bloomfilter
  whole_key_filtering: 1
  verify_compression: 0
  read_amp_bytes_per_bit: 0
  format_version: 6
  enable_index_compression: 1
  block_align: 0
  max_auto_readahead_size: 262144
  prepopulate_block_cache: 0
  initial_auto_readahead_size: 8192
  num_file_reads_for_auto_readahead: 2
2025/11/28-12:19:31.320104 6fb8        Options.write_buffer_size: 67108864
2025/11/28-12:19:31.320107 6fb8  Options.max_write_buffer_number: 2
2025/11/28-12:19:31.320109 6fb8          Options.compression: NoCompression
2025/11/28-12:19:31.320111 6fb8                  Options.bottommost_compression: Disabled
2025/11/28-12:19:31.320113 6fb8       Options.prefix_extractor: nullptr
2025/11/28-12:19:31.320116 6fb8   Options.memtable_insert_with_hint_prefix_extractor: nullptr
2025/11/28-12:19:31.320118 6fb8             Options.num_levels: 7
2025/11/28-12:19:31.320120 6fb8        Options.min_write_buffer_number_to_merge: 1
2025/11/28-12:19:31.320122 6fb8     Options.max_write_buffer_size_to_maintain: 0
2025/11/28-12:19:31.320124 6fb8            Options.bottommost_compression_opts.window_bits: -14
2025/11/28-12:19:31.320127 6fb8                  Options.bottommost_compression_opts.level: 32767
2025/11/28-12:19:31.320129 6fb8               Options.bottommost_compression_opts.strategy: 0
2025/11/28-12:19:31.320131 6fb8         Options.bottommost_compression_opts.max_dict_bytes: 0
2025/11/28-12:19:31.320133 6fb8         Options.bottommost_compression_opts.zstd_max_train_bytes: 0
2025/11/28-12:19:31.320135 6fb8         Options.bottommost_compression_opts.parallel_threads: 1
2025/11/28-12:19:31.320137 6fb8                  Options.bottommost_compression_opts.enabled: false
2025/11/28-12:19:31.320140 6fb8         Options.bottommost_compression_opts.max_dict_buffer_bytes: 0
2025/11/28-12:19:31.320143 6fb8         Options.bottommost_compression_opts.use_zstd_dict_trainer: true
2025/11/28-12:19:31.320145 6fb8            Options.compression_opts.window_bits: -14
2025/11/28-12:19:31.320147 6fb8                  Options.compression_opts.level: 32767
2025/11/28-12:19:31.320149 6fb8               Options.compression_opts.strategy: 0
2025/11/28-12:19:31.320151 6fb8         Options.compression_opts.max_dict_bytes: 0
2025/11/28-12:19:31.320154 6fb8         Options.compression_opts.zstd_max_train_bytes: 0
2025/11/28-12:19:31.320156 6fb8         Options.compression_opts.use_zstd_dict_trainer: true
2025/11/28-12:19:31.320158 6fb8         Options.compression_opts.parallel_threads: 1
2025/11/28-12:19:31.320160 6fb8                  Options.compression_opts.enabled: false
2025/11/28-12:19:31.320162 6fb8         Options.compression_opts.max_dict_buffer_bytes: 0
2025/11/28-12:19:31.320164 6fb8      Options.level0_file_num_compaction_trigger: 4
2025/11/28-12:19:31.320166 6fb8          Options.level0_slowdown_writes_trigger: 20
2025/11/28-12:19:31.320168 6fb8              Options.level0_stop_writes_trigger: 36
2025/11/28-12:19:31.320170 6fb8                   Options.target_file_size_base: 67108864
2025/11/28-12:19:31.320172 6fb8             Options.target_file_size_multiplier: 1
2025/11/28-12:19:31.320175 6fb8                Options.max_bytes_for_level_base: 268435456
2025/11/28-12:19:31.320200 6fb8 Options.level_compaction_dynamic_level_bytes: 1
2025/11/28-12:19:31.320203 6fb8          Options.max_bytes_for_level_multiplier: 10.000000
2025/11/28-12:19:31.320206 6fb8 Options.max_bytes_for_level_multiplier_addtl[0]: 1
2025/11/28-12:19:31.320208 6fb8 Options.max_bytes_for_level_multiplier_addtl[1]: 1
2025/11/28-12:19:31.320211 6fb8 Options.max_bytes_for_level_multiplier_addtl[2]: 1
2025/11/28-12:19:31.320213 6fb8 Options.max_bytes_for_level_multiplier_addtl[3]: 1
2025/11/28-12:19:31.320215 6fb8 Options.max_bytes_for_level_multiplier_addtl[4]: 1
2025/11/28-12:19:31.320217 6fb8 Options.max_bytes_for_level_multiplier_addtl[5]: 1
2025/11/28-12:19:31.320220 6fb8 Options.max_bytes_for_level_multiplier_addtl[6]: 1
2025/11/28-12:19:31.320222 6fb8       Options.max_sequential_skip_in_iterations: 8
2025/11/28-12:19:31.320224 6fb8          Options.memtable_op_scan_flush_trigger: 0
2025/11/28-12:19:31.320226 6fb8      Options.memtable_avg_op_scan_flush_trigger: 0
2025/11/28-12:19:31.320228 6fb8                    Options.max_compaction_bytes: 1677721600
2025/11/28-12:19:31.320230 6fb8                        Options.arena_block_size: 1048576
2025/11/28-12:19:31.320232 6fb8   Options.soft_pending_compaction_bytes_limit: 68719476736
2025/11/28-12:19:31.320234 6fb8   Options.hard_pending_compaction_bytes_limit: 274877906944
2025/11/28-12:19:31.320237 6fb8                Options.disable_auto_compactions: 0
2025/11/28-12:19:31.320239 6fb8                        Options.compaction_style: kCompactionStyleLevel
2025/11/28-12:19:31.320242 6fb8                          Options.compaction_pri: kMinOverlappingRatio
2025/11/28-12:19:31.320244 6fb8 Options.compaction_options_universal.size_ratio: 1
2025/11/28-12:19:31.320246 6fb8 Options.compaction_options_universal.min_merge_width: 2
2025/11/28-12:19:31.320248 6fb8 Options.compaction_options_universal.max_merge_width: 4294967295
2025/11/28-12:19:31.320250 6fb8 Options.compaction_options_universal.max_size_amplification_percent: 200
2025/11/28-12:19:31.320253 6fb8 Options.compaction_options_universal.compression_size_percent: -1
2025/11/28-12:19:31.320255 6fb8 Options.compaction_options_universal.stop_style: kCompactionStopStyleTotalSize
2025/11/28-12:19:31.320257 6fb8 Options.compaction_options_universal.max_read_amp: -1
2025/11/28-12:19:31.320259 6fb8 Options.compaction_options_universal.reduce_file_locking: 0
2025/11/28-12:19:31.320261 6fb8 Options.compaction_options_fifo.max_table_files_size: 1073741824
2025/11/28-12:19:31.320263 6fb8 Options.compaction_options_fifo.allow_compaction: 0
2025/11/28-12:19:31.320267 6fb8                   Options.table_properties_collectors: 
2025/11/28-12:19:31.320269 6fb8                   Options.inplace_update_support: 0
2025/11/28-12:19:31.320271 6fb8                 Options.inplace_update_num_locks: 10000
2025/11/28-12:19:31.320273 6fb8               Options.memtable_prefix_bloom_size_ratio: 0.000000
2025/11/28-12:19:31.320275 6fb8               Options.memtable_whole_key_filtering: 0
2025/11/28-12:19:31.320277 6fb8   Options.memtable_huge_page_size: 0
2025/11/28-12:19:31.320279 6fb8                           Options.bloom_locality: 0
2025/11/28-12:19:31.320282 6fb8                    Options.max_successive_merges: 0
2025/11/28-12:19:31.320284 6fb8             Options.strict_max_successive_merges: 0
2025/11/28-12:19:31.320286 6fb8                Options.optimize_filters_for_hits: 0
2025/11/28-12:19:31.320288 6fb8                Options.paranoid_file_checks: 0
2025/11/28-12:19:31.320290 6fb8                Options.force_consistency_checks: 1
2025/11/28-12:19:31.320292 6fb8                Options.report_bg_io_stats: 0
2025/11/28-12:19:31.320294 6fb8                Options.disallow_memtable_writes: 0
2025/11/28-12:19:31.320296 6fb8                               Options.ttl: 2592000
2025/11/28-12:19:31.320298 6fb8          Options.periodic_compaction_seconds: 0
2025/11/28-12:19:31.320300 6fb8                        Options.default_temperature: kUnknown
2025/11/28-12:19:31.320302 6fb8  Options.preclude_last_level_data_seconds: 0
2025/11/28-12:19:31.320305 6fb8    Options.preserve_internal_time_seconds: 0
2025/11/28-12:19:31.320308 6fb8                       Options.enable_blob_files: true
2025/11/28-12:19:31.320310 6fb8                           Options.min_blob_size: 4096
2025/11/28-12:19:31.320312 6fb8                          Options.blob_file_size: 268435456
2025/11/28-12:19:31.320314 6fb8                   Options.blob_compression_type: NoCompression
2025/11/28-12:19:31.320316 6fb8          Options.enable_blob_garbage_collection: true
2025/11/28-12:19:31.320318 6fb8      Options.blob_garbage_collection_age_cutoff: 0.250000
2025/11/28-12:19:31.320321 6fb8 Options.blob_garbage_collection_force_threshold: 1.000000
2025/11/28-12:19:31.320323 6fb8          Options.blob_compaction_readahead_size: 0
2025/11/28-12:19:31.320325 6fb8                Options.blob_file_starting_level: 0
2025/11/28-12:19:31.320327 6fb8         Options.experimental_mempurge_threshold: 0.000000
2025/11/28-12:19:31.320329 6fb8            Options.memtable_max_range_deletions: 0
2025/11/28-12:19:31.320406 6fb8 [db\db_impl\db_impl.cc:3676] Created column family [corestore] (ID 1)
2025/11/28-12:19:31.332602 6fb8 [db\db_impl\db_impl_open.cc:2623] SstFileManager instance 0000021BF2D83470
2025/11/28-12:19:31.333002 6fb8 DB pointer 0000021BF7B16E40
2025/11/28-12:19:31.333384 6b68 [db\db_impl\db_impl.cc:1117] ------- DUMPING STATS -------
2025/11/28-12:19:31.333398 6b68 [db\db_impl\db_impl.cc:1118] 
** DB Stats **
Uptime(secs): 0.0 total, 0.0 interval
Cumulative writes: 0 writes, 0 keys, 0 commit groups, 0.0 writes per commit group, ingest: 0.00 GB, 0.00 MB/s
Cumulative WAL: 0 writes, 0 syncs, 0.00 writes per sync, written: 0.00 GB, 0.00 MB/s
Cumulative stall: 00:00:0.000 H:M:S, 0.0 percent
Interval writes: 0 writes, 0 keys, 0 commit groups, 0.0 writes per commit group, ingest: 0.00 MB, 0.00 MB/s
Interval WAL: 0 writes, 0 syncs, 0.00 writes per sync, written: 0.00 GB, 0.00 MB/s
Interval stall: 00:00:0.000 H:M:S, 0.0 percent
Write Stall (count): write-buffer-manager-limit-stops: 0

** Compaction Stats [default] **
Level    Files   Size     Score Read(GB)  Rn(GB) Rnp1(GB) Write(GB) WPreComp(GB) Wnew(GB) Moved(GB) W-Amp Rd(MB/s) Wr(MB/s) Comp(sec) CompMergeCPU(sec) Comp(cnt) Avg(sec) KeyIn KeyDrop Rblob(GB) Wblob(GB)
-------------------------------------------------------------------------------------------------------------------------------------------------------------------------------------------------------------
 Sum      0/0      0.00 KB   0.0      0.0     0.0      0.0       0.0       0.0      0.0       0.0   0.0      0.0      0.0      0.00              0.00         0    0.000       0      0       0.0       0.0
 Int      0/0      0.00 KB   0.0      0.0     0.0      0.0       0.0       0.0      0.0       0.0   0.0      0.0      0.0      0.00              0.00         0    0.000       0      0       0.0       0.0

** Compaction Stats [default] **
